Object cube Success Rate: 98.81%
Object cube Arrived: True
Object cube Error: [-4.36536047e-03  1.10574053e-04  1.06992557e-04  7.27597042e-07
 -1.84942202e-07  1.39008969e-03]
Initial Pose:
 [[-5.96046501e-08 -2.98201563e-12 -1.00000000e+00  4.99999970e-01]
 [-3.97113988e-10  1.00000000e+00 -2.98199196e-12 -2.46050891e-09]
 [ 1.00000000e+00  3.97113988e-10 -5.96046501e-08  2.49134332e-01]
 [ 0.00000000e+00  0.00000000e+00  0.00000000e+00  1.00000000e+00]]
Goal Pose:
 [[ 1.00000000e+00  3.89926404e-10 -5.96046505e-08  6.74892428e-01]
 [-3.89926404e-10  1.00000000e+00  4.20559147e-12 -2.45925185e-09]
 [ 5.96046505e-08 -4.20556823e-12  1.00000000e+00  3.24241313e-01]
 [ 0.00000000e+00  0.00000000e+00  0.00000000e+00  1.00000000e+00]]
Current Pose:
 [[ 9.99999046e-01  1.38558587e-03  1.25240732e-07  6.79257631e-01]
 [-1.38558587e-03  9.99999046e-01  7.25115967e-07 -1.16625066e-04]
 [-1.24235910e-07 -7.25288771e-07  1.00000000e+00  3.24134320e-01]
 [ 0.00000000e+00  0.00000000e+00  0.00000000e+00  1.00000000e+00]]
Object bottle Success Rate: 94.69%
Object bottle Arrived: True
Object bottle Error: [ 0.00640674  0.00162794  0.00592733  0.00046762 -0.00094776  0.05740275]
Initial Pose:
 [[ 5.40766892e-04 -7.07170948e-01 -7.07042402e-01  3.00025523e-01]
 [-1.91400063e-03  7.07040478e-01 -7.07170488e-01  4.99923855e-01]
 [ 9.99998022e-01  1.73569399e-03 -9.71181560e-04  2.33398870e-01]
 [ 0.00000000e+00  0.00000000e+00  0.00000000e+00  1.00000000e+00]]
Goal Pose:
 [[ 7.08267695e-01 -7.05943623e-01 -6.87741181e-04  3.83047236e-01]
 [ 7.05943290e-01  7.08268029e-01 -6.85717144e-04  5.82960861e-01]
 [ 9.71182736e-04  1.65029229e-07  9.99999528e-01  2.83022069e-01]
 [ 0.00000000e+00  0.00000000e+00  0.00000000e+00  1.00000000e+00]]
Current Pose:
 [[ 7.47601986e-01 -6.64146960e-01 -3.18077480e-04  3.79340619e-01]
 [ 6.64147079e-01  7.47601926e-01  3.04198154e-04  5.77486992e-01]
 [ 3.57630488e-05 -4.38669376e-04  9.99999940e-01  2.77095228e-01]
 [ 0.00000000e+00  0.00000000e+00  0.00000000e+00  1.00000000e+00]]
Object cylinder Success Rate: 95.58%
Object cylinder Arrived: True
Object cylinder Error: [-6.46944221e-03  1.14722746e-03 -5.51046425e-05  2.48264015e-05
 -4.71981427e-05  4.84364771e-02]
Initial Pose:
 [[-6.75653735e-02  7.03224028e-01 -7.07750582e-01  3.98002207e-01]
 [-6.76332492e-02  7.04511626e-01  7.06462392e-01 -4.02011305e-01]
 [ 9.95419843e-01  9.55998669e-02 -3.92652098e-05  2.29430243e-01]
 [ 0.00000000e+00  0.00000000e+00  0.00000000e+00  1.00000000e+00]]
Goal Pose:
 [[ 6.36950795e-01  7.70904458e-01 -4.65465586e-05  4.72210927e-01]
 [-7.70904458e-01  6.36950796e-01  8.94960702e-06 -4.76088890e-01]
 [ 3.65471595e-05  3.01824902e-05  9.99999999e-01  2.74573676e-01]
 [ 0.00000000e+00  0.00000000e+00  0.00000000e+00  1.00000000e+00]]
Current Pose:
 [[ 5.98878145e-01  8.00840139e-01  2.13815338e-06  4.75166589e-01]
 [-8.00840139e-01  5.98878145e-01 -1.28059437e-05 -4.81956929e-01]
 [-1.15360072e-05  5.95688152e-06  1.00000000e+00  2.74628699e-01]
 [ 0.00000000e+00  0.00000000e+00  0.00000000e+00  1.00000000e+00]]
