Object cube Success Rate: 98.81%
Object cube Arrived: True
Object cube Error: [-4.36536047e-03  1.10574053e-04  1.06992557e-04  7.27597042e-07
 -1.84942202e-07  1.39008969e-03]
Initial Pose:
 [[-5.96046501e-08 -2.98201563e-12 -1.00000000e+00  4.99999970e-01]
 [-3.97113988e-10  1.00000000e+00 -2.98199196e-12 -2.46050891e-09]
 [ 1.00000000e+00  3.97113988e-10 -5.96046501e-08  2.49134332e-01]
 [ 0.00000000e+00  0.00000000e+00  0.00000000e+00  1.00000000e+00]]
Goal Pose:
 [[ 1.00000000e+00  3.89926404e-10 -5.96046505e-08  6.74892428e-01]
 [-3.89926404e-10  1.00000000e+00  4.20559147e-12 -2.45925185e-09]
 [ 5.96046505e-08 -4.20556823e-12  1.00000000e+00  3.24241313e-01]
 [ 0.00000000e+00  0.00000000e+00  0.00000000e+00  1.00000000e+00]]
Current Pose:
 [[ 9.99999046e-01  1.38558587e-03  1.25240732e-07  6.79257631e-01]
 [-1.38558587e-03  9.99999046e-01  7.25115967e-07 -1.16625066e-04]
 [-1.24235910e-07 -7.25288771e-07  1.00000000e+00  3.24134320e-01]
 [ 0.00000000e+00  0.00000000e+00  0.00000000e+00  1.00000000e+00]]

----------------------------------------------------------------------------------------------------

Object bottle Success Rate: 94.69%
Object bottle Arrived: True
Object bottle Error: [ 0.00640674  0.00162794  0.00592733  0.00046762 -0.00094776  0.05740275]
Initial Pose:
 [[ 5.40766892e-04 -7.07170948e-01 -7.07042402e-01  3.00025523e-01]
 [-1.91400063e-03  7.07040478e-01 -7.07170488e-01  4.99923855e-01]
 [ 9.99998022e-01  1.73569399e-03 -9.71181560e-04  2.33398870e-01]
 [ 0.00000000e+00  0.00000000e+00  0.00000000e+00  1.00000000e+00]]
Goal Pose:
 [[ 7.08267695e-01 -7.05943623e-01 -6.87741181e-04  3.83047236e-01]
 [ 7.05943290e-01  7.08268029e-01 -6.85717144e-04  5.82960861e-01]
 [ 9.71182736e-04  1.65029229e-07  9.99999528e-01  2.83022069e-01]
 [ 0.00000000e+00  0.00000000e+00  0.00000000e+00  1.00000000e+00]]
Current Pose:
 [[ 7.47601986e-01 -6.64146960e-01 -3.18077480e-04  3.79340619e-01]
 [ 6.64147079e-01  7.47601926e-01  3.04198154e-04  5.77486992e-01]
 [ 3.57630488e-05 -4.38669376e-04  9.99999940e-01  2.77095228e-01]
 [ 0.00000000e+00  0.00000000e+00  0.00000000e+00  1.00000000e+00]]

 ----------------------------------------------------------------------------------------------------

Object cylinder Success Rate: 95.58%
Object cylinder Arrived: True
Object cylinder Error: [-6.46944221e-03  1.14722746e-03 -5.51046425e-05  2.48264015e-05
 -4.71981427e-05  4.84364771e-02]
Initial Pose:
 [[-6.75653735e-02  7.03224028e-01 -7.07750582e-01  3.98002207e-01]
 [-6.76332492e-02  7.04511626e-01  7.06462392e-01 -4.02011305e-01]
 [ 9.95419843e-01  9.55998669e-02 -3.92652098e-05  2.29430243e-01]
 [ 0.00000000e+00  0.00000000e+00  0.00000000e+00  1.00000000e+00]]
Goal Pose:
 [[ 6.36950795e-01  7.70904458e-01 -4.65465586e-05  4.72210927e-01]
 [-7.70904458e-01  6.36950796e-01  8.94960702e-06 -4.76088890e-01]
 [ 3.65471595e-05  3.01824902e-05  9.99999999e-01  2.74573676e-01]
 [ 0.00000000e+00  0.00000000e+00  0.00000000e+00  1.00000000e+00]]
Current Pose:
 [[ 5.98878145e-01  8.00840139e-01  2.13815338e-06  4.75166589e-01]
 [-8.00840139e-01  5.98878145e-01 -1.28059437e-05 -4.81956929e-01]
 [-1.15360072e-05  5.95688152e-06  1.00000000e+00  2.74628699e-01]
 [ 0.00000000e+00  0.00000000e+00  0.00000000e+00  1.00000000e+00]]

----------------------------------------------------------------------------------------------------

====================================================================================================

----------------------------------------------------------------------------------------------------

Object cube Success Rate: 98.81%
Object cube Arrived: True
Object cube Error: [-4.28580935e-03 -9.08671896e-04 -1.57461531e-04  8.01769874e-07
 -6.16617754e-08  1.32602152e-03]
Initial Pose:
 [[ 0.         -1.          0.          0.40000001]
 [ 0.          0.         -1.          0.30000001]
 [ 1.          0.          0.          0.24913429]
 [ 0.          0.          0.          1.        ]]
Goal Pose:
 [[-2.22044605e-16 -1.00000000e+00  0.00000000e+00  4.00000006e-01]
 [ 1.00000000e+00 -2.22044605e-16 -4.71027738e-16  4.75157410e-01]
 [ 4.71027738e-16  0.00000000e+00  1.00000000e+00  3.23976889e-01]
 [ 0.00000000e+00  0.00000000e+00  0.00000000e+00  1.00000000e+00]]
Current Pose:
 [[ 1.28608942e-03 -9.99999225e-01 -7.77586706e-07  3.99096847e-01]
 [ 9.99999225e-01  1.28608942e-03  6.03049557e-08  4.79444385e-01]
 [-5.93047957e-08 -7.77663615e-07  1.00000000e+00  3.24134350e-01]
 [ 0.00000000e+00  0.00000000e+00  0.00000000e+00  1.00000000e+00]]
----------------------------------------------------------------------------------------------------

Object bottle Success Rate: 95.66%
Object bottle Arrived: True
Object bottle Error: [ 0.00607435  0.00012773  0.00593577 -0.00176437 -0.00076469 -0.03164211]
Initial Pose:
 [[-1.91407268e-03  7.07021553e-01 -7.07189409e-01  2.99880236e-01]
 [-5.41000202e-04  7.07189869e-01  7.07023477e-01 -5.00025988e-01]
 [ 9.99998022e-01  1.73588393e-03 -9.71114004e-04  2.33398870e-01]
 [ 0.00000000e+00  0.00000000e+00  0.00000000e+00  1.00000000e+00]]
Goal Pose:
 [[ 7.05962081e-01  7.08249299e-01 -6.85716206e-04  3.82926764e-01]
 [-7.08248965e-01  7.05962414e-01  6.87646629e-04 -5.83052784e-01]
 [ 9.71115111e-04  2.05348564e-07  9.99999528e-01  2.83032396e-01]
 [ 0.00000000e+00  0.00000000e+00  0.00000000e+00  1.00000000e+00]]
Current Pose:
 [[ 7.28015065e-01  6.85559869e-01 -1.36705884e-03  3.78425092e-01]
 [-6.85561180e-01  7.28014231e-01 -1.11034920e-03 -5.78974843e-01]
 [ 2.34027568e-04  1.74555334e-03  9.99998450e-01  2.77094990e-01]
 [ 0.00000000e+00  0.00000000e+00  0.00000000e+00  1.00000000e+00]]
----------------------------------------------------------------------------------------------------

Object cylinder Success Rate: 94.78%
Object cylinder Arrived: True
Object cylinder Error: [-6.28072919e-03  2.55682219e-03 -5.66799923e-05  1.83455766e-05
 -3.11721466e-05  7.05542109e-02]
Initial Pose:
 [[-6.98828508e-02  7.03151589e-01 -7.07597506e-01  3.97844732e-01]
 [-6.99401735e-02  7.04132518e-01  7.06615715e-01 -1.02001652e-01]
 [ 9.95100376e-01  9.88698129e-02 -2.82436510e-05  2.29427144e-01]
 [ 0.00000000e+00  0.00000000e+00  0.00000000e+00  1.00000000e+00]]
Goal Pose:
 [[ 6.34251593e-01  7.73126714e-01 -3.45977651e-05  4.72052306e-01]
 [-7.73126714e-01  6.34251593e-01  5.32508155e-06 -1.76109328e-01]
 [ 2.60606505e-05  2.33710150e-05  9.99999999e-01  2.74572281e-01]
 [ 0.00000000e+00  0.00000000e+00  0.00000000e+00  1.00000000e+00]]
Current Pose:
 [[ 5.78171849e-01  8.15915048e-01 -1.11118743e-06  4.73597497e-01]
 [-8.15915048e-01  5.78171849e-01 -8.32612659e-06 -1.82712153e-01]
 [-6.15095405e-06  5.72056706e-06  1.00000000e+00  2.74628907e-01]
 [ 0.00000000e+00  0.00000000e+00  0.00000000e+00  1.00000000e+00]]
----------------------------------------------------------------------------------------------------
====================================================================================================

Object cylinder Success Rate: 96.10%
Object cylinder Arrived: True
Object cylinder Error: [-8.20725505e-03  2.10693512e-03 -3.48578369e-04 -3.89532716e-06
 -4.31626433e-05 -5.91861538e-03]
Initial Pose:
 [[-2.94786353e-05  1.55371622e-06 -1.00000000e+00  6.00002229e-01]
 [ 6.85142279e-02  9.97650139e-01 -4.69640737e-07  2.06453307e-03]
 [ 9.97650139e-01 -6.85142278e-02 -2.95158163e-05  2.29325414e-01]
 [ 0.00000000e+00  0.00000000e+00  0.00000000e+00  1.00000000e+00]]
Goal Pose:
 [[ 9.97650139e-01 -6.85142258e-02 -2.95158163e-05  7.05043750e-01]
 [ 6.85142258e-02  9.97650140e-01 -4.71736604e-07  2.06453285e-03]
 [ 2.94787789e-05 -1.55162521e-06  1.00000000e+00  2.74280208e-01]
 [ 0.00000000e+00  0.00000000e+00  0.00000000e+00  1.00000000e+00]]
Current Pose:
 [[ 9.97227192e-01 -7.44172856e-02  1.38117475e-05  7.13385046e-01]
 [ 7.44172856e-02  9.97227192e-01 -1.27238195e-06  5.74201054e-04]
 [-1.36787630e-05  2.29668649e-06  1.00000000e+00  2.74628669e-01]
 [ 0.00000000e+00  0.00000000e+00  0.00000000e+00  1.00000000e+00]]
----------------------------------------------------------------------------------------------------

Object cube Success Rate: 98.91%
Object cube Arrived: True
Object cube Error: [-3.54186913e-03  2.26641317e-04  2.89559611e-08  1.08726042e-06
 -3.11633183e-07  4.93468446e-03]
Initial Pose:
 [[ 0.00000000e+00 -1.00000000e+00  0.00000000e+00  1.11510423e-09]
 [ 0.00000000e+00  0.00000000e+00 -1.00000000e+00  5.00000000e-01]
 [ 1.00000000e+00  0.00000000e+00  0.00000000e+00  2.49134287e-01]
 [ 0.00000000e+00  0.00000000e+00  0.00000000e+00  1.00000000e+00]]
Goal Pose:
 [[-2.22044605e-16 -1.00000000e+00  0.00000000e+00  1.11510423e-09]
 [ 1.00000000e+00 -2.22044605e-16 -4.71027738e-16  6.74999997e-01]
 [ 4.71027738e-16  0.00000000e+00  1.00000000e+00  3.24134290e-01]
 [ 0.00000000e+00  0.00000000e+00  0.00000000e+00  1.00000000e+00]]
Current Pose:
 [[ 4.92697954e-03 -9.99987900e-01 -1.08479628e-06  2.44090406e-04]
 [ 9.99987900e-01  4.92697954e-03  3.13820891e-07  6.78540707e-01]
 [-3.08472295e-07 -1.08632923e-06  1.00000000e+00  3.24134260e-01]
 [ 0.00000000e+00  0.00000000e+00  0.00000000e+00  1.00000000e+00]]
----------------------------------------------------------------------------------------------------

Object bottle Success Rate: 95.78%
Object bottle Arrived: True
Object bottle Error: [ 0.00629828  0.00395319  0.00591592 -0.00126534 -0.00080868 -0.01544288]
Initial Pose:
 [[-5.40447932e-04  7.07182279e-01  7.07031068e-01 -3.00024539e-01]
 [ 1.91470224e-03 -7.07029144e-01  7.07181818e-01 -4.99799818e-01]
 [ 9.99998021e-01  1.73594892e-03 -9.71931054e-04  2.33398870e-01]
 [ 0.00000000e+00  0.00000000e+00  0.00000000e+00  1.00000000e+00]]
Goal Pose:
 [[-7.08256419e-01  7.05954935e-01  6.88401917e-04 -3.83042602e-01]
 [-7.05954602e-01 -7.08256754e-01  6.86116417e-04 -5.82835867e-01]
 [ 9.71932578e-04 -3.41447712e-08  9.99999528e-01  2.83018691e-01]
 [ 0.00000000e+00  0.00000000e+00  0.00000000e+00  1.00000000e+00]]
Current Pose:
 [[-6.97278917e-01  7.16799796e-01 -7.78969610e-04 -3.81479979e-01]
 [-7.16800153e-01 -6.97278202e-01  9.99848591e-04 -5.75570703e-01]
 [ 1.73532782e-04  1.25553855e-03  9.99999166e-01  2.77096719e-01]
 [ 0.00000000e+00  0.00000000e+00  0.00000000e+00  1.00000000e+00]]
----------------------------------------------------------------------------------------------------
====================================================================================================

Object cylinder Success Rate: 96.10%
Object cylinder Arrived: True
Object cylinder Error: [-8.20725505e-03  2.10693512e-03 -3.48578369e-04 -3.89532716e-06
 -4.31626433e-05 -5.91861538e-03]
Initial Pose:
 [[-2.94786353e-05  1.55371622e-06 -1.00000000e+00  6.00002229e-01]
 [ 6.85142279e-02  9.97650139e-01 -4.69640737e-07  2.06453307e-03]
 [ 9.97650139e-01 -6.85142278e-02 -2.95158163e-05  2.29325414e-01]
 [ 0.00000000e+00  0.00000000e+00  0.00000000e+00  1.00000000e+00]]
Goal Pose:
 [[ 9.97650139e-01 -6.85142258e-02 -2.95158163e-05  7.05043750e-01]
 [ 6.85142258e-02  9.97650140e-01 -4.71736604e-07  2.06453285e-03]
 [ 2.94787789e-05 -1.55162521e-06  1.00000000e+00  2.74280208e-01]
 [ 0.00000000e+00  0.00000000e+00  0.00000000e+00  1.00000000e+00]]
Current Pose:
 [[ 9.97227192e-01 -7.44172856e-02  1.38117475e-05  7.13385046e-01]
 [ 7.44172856e-02  9.97227192e-01 -1.27238195e-06  5.74201054e-04]
 [-1.36787630e-05  2.29668649e-06  1.00000000e+00  2.74628669e-01]
 [ 0.00000000e+00  0.00000000e+00  0.00000000e+00  1.00000000e+00]]
----------------------------------------------------------------------------------------------------

Object cube Success Rate: 98.46%
Object cube Arrived: True
Object cube Error: [-5.32607457e-03  1.91734234e-04  5.68573249e-08 -1.63958804e-06
 -4.60745661e-07 -4.49367630e-03]
Initial Pose:
 [[ 0.00000000e+00 -1.00000000e+00  0.00000000e+00  8.36212002e-10]
 [ 0.00000000e+00  0.00000000e+00 -1.00000000e+00  5.00000000e-01]
 [ 1.00000000e+00  0.00000000e+00  0.00000000e+00  2.49134287e-01]
 [ 0.00000000e+00  0.00000000e+00  0.00000000e+00  1.00000000e+00]]
Goal Pose:
 [[-2.22044605e-16 -1.00000000e+00  0.00000000e+00  8.36211989e-10]
 [-1.00000000e+00 -2.22044605e-16 -1.57009246e-16  3.25000003e-01]
 [ 1.57009246e-16  0.00000000e+00 -1.00000000e+00  3.24134290e-01]
 [ 0.00000000e+00  0.00000000e+00  0.00000000e+00  1.00000000e+00]]
Current Pose:
 [[-4.49109077e-03 -9.99989927e-01  1.63759978e-06  1.67813254e-04]
 [-9.99989927e-01  4.49103117e-03 -4.64157040e-07  3.19673121e-01]
 [ 4.56797864e-07 -1.63966774e-06 -1.00000000e+00  3.24134350e-01]
 [ 0.00000000e+00  0.00000000e+00  0.00000000e+00  1.00000000e+00]]
----------------------------------------------------------------------------------------------------

Object bottle Success Rate: 95.43%
Object bottle Arrived: True
Object bottle Error: [ 0.00681789  0.00369614  0.00592598  0.00030141 -0.00094062 -0.02330095]
Initial Pose:
 [[-5.40447932e-04  7.07182279e-01  7.07031068e-01 -3.00024539e-01]
 [ 1.91470224e-03 -7.07029144e-01  7.07181818e-01 -4.99799788e-01]
 [ 9.99998021e-01  1.73594892e-03 -9.71931054e-04  2.33398870e-01]
 [ 0.00000000e+00  0.00000000e+00  0.00000000e+00  1.00000000e+00]]
Goal Pose:
 [[-7.08256419e-01  7.05954935e-01  6.88401917e-04 -3.83042602e-01]
 [-7.05954602e-01 -7.08256754e-01  6.86116417e-04 -5.82835837e-01]
 [ 9.71932578e-04 -3.41447712e-08  9.99999528e-01  2.83018691e-01]
 [ 0.00000000e+00  0.00000000e+00  0.00000000e+00  1.00000000e+00]]
Current Pose:
 [[-6.91619337e-01  7.22262323e-01  2.45312753e-04 -3.80998254e-01]
 [-7.22262323e-01 -6.91619277e-01 -1.96460227e-04 -5.75354040e-01]
 [ 2.77672007e-05 -3.13055818e-04  9.99999940e-01  2.77093679e-01]
 [ 0.00000000e+00  0.00000000e+00  0.00000000e+00  1.00000000e+00]]
----------------------------------------------------------------------------------------------------
====================================================================================================

Object cylinder Success Rate: 89.81%
Object cylinder Arrived: True
Object cylinder Error: [-6.60207913e-03 -8.45881506e-03 -3.37458632e-04  1.38852870e-05
  4.00294507e-05 -1.72495786e-01]
Initial Pose:
 [[ 1.63705130e-01 -9.86509316e-01  2.67929821e-06  3.04886609e-01]
 [ 5.62382917e-05  6.61645919e-06 -9.99999998e-01  3.00009727e-01]
 [ 9.86509314e-01  1.63705130e-01  5.65627469e-05  2.29360193e-01]
 [ 0.00000000e+00  0.00000000e+00  0.00000000e+00  1.00000000e+00]]
Goal Pose:
 [[ 1.63705394e-01 -9.86509272e-01  2.94753425e-06  3.04886637e-01]
 [ 9.86509270e-01  1.63705394e-01  5.65627462e-05  4.05063291e-01]
 [-5.62822008e-05 -6.35185680e-06  9.99999998e-01  2.74289836e-01]
 [ 0.00000000e+00  0.00000000e+00  0.00000000e+00  1.00000000e+00]]
Current Pose:
 [[-8.04960728e-03 -9.99967694e-01 -1.40012680e-05  2.96374947e-01]
 [ 9.99967694e-01 -8.04960728e-03  1.77885522e-05  4.11597073e-01]
 [-1.79006802e-05 -1.38576243e-05  1.00000000e+00  2.74627060e-01]
 [ 0.00000000e+00  0.00000000e+00  0.00000000e+00  1.00000000e+00]]
----------------------------------------------------------------------------------------------------

Object cube Success Rate: 98.87%
Object cube Arrived: True
Object cube Error: [-3.78174261e-03 -7.38065522e-04  4.32739304e-04 -7.66441343e-07
 -5.94479220e-08  3.63740259e-03]
Initial Pose:
 [[-1.34110446e-07 -7.07106805e-01 -7.07106757e-01  4.00000006e-01]
 [-5.55503684e-08  7.07106757e-01 -7.07106805e-01  1.00000001e-01]
 [ 1.00000000e+00 -5.55503684e-08 -1.34110446e-07  2.49134287e-01]
 [ 0.00000000e+00  0.00000000e+00  0.00000000e+00  1.00000000e+00]]
Goal Pose:
 [[-7.07106820e-01 -7.07106742e-01  1.18871255e-07  2.76256306e-01]
 [-7.07106742e-01  7.07106820e-01  7.07895565e-08 -2.37436980e-02]
 [-1.34110448e-07 -3.39988878e-08 -1.00000000e+00  3.24134282e-01]
 [ 0.00000000e+00  0.00000000e+00  0.00000000e+00  1.00000000e+00]]
Current Pose:
 [[-7.04542756e-01 -7.09661663e-01  6.17408432e-07  2.73068130e-01]
 [-7.09661663e-01  7.04542696e-01 -5.09458175e-07 -2.59074569e-02]
 [-7.34477226e-08 -7.97086102e-07 -1.00000000e+00  3.24567020e-01]
 [ 0.00000000e+00  0.00000000e+00  0.00000000e+00  1.00000000e+00]]
----------------------------------------------------------------------------------------------------

Object bottle Success Rate: 94.88%
Object bottle Arrived: True
Object bottle Error: [ 0.00997372  0.0004957   0.00592429  0.00084586 -0.00082436 -0.01761397]
Initial Pose:
 [[-1.91460028e-03  7.07017182e-01 -7.07193777e-01  2.99926788e-01]
 [-5.40156882e-04  7.07194239e-01  7.07019107e-01 -3.00026178e-01]
 [ 9.99998021e-01  1.73565456e-03 -9.72094091e-04  2.33398870e-01]
 [ 0.00000000e+00  0.00000000e+00  0.00000000e+00  1.00000000e+00]]
Goal Pose:
 [[ 7.05966780e-01  7.08244615e-01 -6.86252940e-04  3.82964248e-01]
 [-7.08244280e-01  7.05967114e-01  6.88496000e-04 -3.83042845e-01]
 [ 9.72095591e-04 -2.05852216e-08  9.99999528e-01  2.83018702e-01]
 [ 0.00000000e+00  0.00000000e+00  0.00000000e+00  1.00000000e+00]]
Current Pose:
 [[ 7.18329668e-01  6.95702791e-01  4.94409120e-04  3.75452042e-01]
 [-6.95702910e-01  7.18329310e-01  7.12191104e-04 -3.76464397e-01]
 [ 1.40324657e-04 -8.55549821e-04  9.99999642e-01  2.77093440e-01]
 [ 0.00000000e+00  0.00000000e+00  0.00000000e+00  1.00000000e+00]]
----------------------------------------------------------------------------------------------------
====================================================================================================
